         131
          68
         226
         152
         218
         221
         215
         119
         230
          36
          57
         140
         165
         134
         148
         110
          65
         118
          49
          67
         169
          14
           4
          16
          36
           1
          12
          16
         101
         132
         198
         217
         205
         101
         118
         195
          99
         152
         118
          43
         250
         237
         123
         187
         183
          64
          12
         210
         194
          60
          36
         134
         177
         140
         235
         207
         142
         200
         192
         197
         199
          28
         120
          13
          36
         238
         117
         110
          26
         106
         149
          49
         220
         117
          28
         246
          50
         125
          29
          35
         238
          42
         163
          83
         169
         146
           6
         129
          30
          44
         222
         233
         174
         224
         168
           4
          64
          34
         230
          54
          44
          76
         163
         176
         110
         129
         140
         115
         120
         144
          73
          99
         148
         100
          42
           7
         147
         130
          26
         241
          61
         102
          93
         200
         234
         224
          62
         105
          70
         165
         205
          72
         218
         112
         182
           2
          52
         160
         160
         184
           7
          39
         100
         167
          27
         234
         137
          57
         214
         135
